
j1=[0 45 90 45 0 0];
j2=[180 225 270 225 180 180];
j3=[0 45 90 45 0 0];
j4=[180 225 270 225 180 180];
j5=[180 225 270 225 180 180];
j6=[0 45 90 45 0 0];
w_p = [j1;j2;j3;j4;j5;j6];
time_p=[0 1 2 3 4 5]./2;